3.492064556598938552e+00
1.666503605620230255e+00
1.215611715559213657e+00
8.721590213031049643e-01
5.464687697803929378e-01
2.862333797526429024e-01
1.311337544287243806e-01
7.024185843456223766e-02
6.045350107569510273e-02
6.083885713056971095e-02
5.290194901472516920e-02
3.886601522924115065e-02
2.782754767458402168e-02
2.408024056901515719e-02
2.476339371180749649e-02
2.453721184096273322e-02
2.074860487942235127e-02
1.472028085833082534e-02
9.450931357263285884e-03
6.743426590736053237e-03
6.203719141467434889e-03
6.261378445995694104e-03
5.738082145819785318e-03
4.562804461688484484e-03
3.374310283483710621e-03
2.711275204041597824e-03
2.572894892206071659e-03
2.573788240085314941e-03
2.368087169930635592e-03
1.911395531827183615e-03
1.401152803560114408e-03
1.044743268459820016e-03
8.937389079630992782e-04
8.531345245990113336e-04
8.010107647134963055e-04
6.886278731361881664e-04
5.492729134421481555e-04
4.398349264720037739e-04
3.840026233057221815e-04
3.616451583341727155e-04
3.153373110474539135e-04
2.108625597294243510e-04
1.448009394182283433e-04
1.189352471828208956e-04
8.718076934537442391e-05
5.749312516842466334e-05
3.228733251017953753e-05
1.838164531852879989e-05
8.483172537607194038e-06
2.987771724395342814e-06
1.191792732141293212e-06
5.174218056454176322e-07
2.817482995960300482e-07
1.969250432891893784e-07
1.454133529545287467e-07
1.123296323464093728e-07
8.932781060701964004e-08
7.263370725141775838e-08
6.001061842445514279e-08
5.021655744665988207e-08
4.245744018870582710e-08
3.621203059502651380e-08
3.111811037516915957e-08
2.692314872484738894e-08
2.343263442362882254e-08
2.050670916347613738e-08
1.803492564045908638e-08
1.593475769312423381e-08
1.413840679565468417e-08
1.259198651403674068e-08
1.125334935812724600e-08
1.009462516936069248e-08
9.083752812375463466e-09
8.201304958014439348e-09
7.424475470028073550e-09
6.735361104898974420e-09
6.127361513401882974e-09
5.585309935616144338e-09
5.106904678586280894e-09
4.676907155069002968e-09
4.292345687976227359e-09
3.944823790503970707e-09
3.630199248887482509e-09
3.348239456561567030e-09
3.092514409070304934e-09
2.861340339750591222e-09
2.652032425032415078e-09
2.463492134904560974e-09
2.294210939520633254e-09
2.138401444601984785e-09
1.994730549917155759e-09
1.859159548295486690e-09
1.735801882319126002e-09
1.623390907041080481e-09
1.524030792509570814e-09
1.429155930059276714e-09
1.335032237339360264e-09
1.253769916051633629e-09
1.181484526163209226e-09
1.115311157666094750e-09
1.048131480373917230e-09
9.878256938754225655e-10
9.344056760682075485e-10
-5.328250330130057492e-04
-1.414327985525157087e-02
-1.234325338548342144e-02
-2.392744418727173195e-03
6.088814067094706212e-03
7.986792720669017021e-03
4.515672055281643935e-03
6.684904027202059158e-05
-2.009931048237597901e-03
-1.426213853159755476e-03
-2.250918175858699266e-05
4.571579622444997115e-04
-2.505660603863891665e-04
-1.205932474658282785e-03
-1.451736769412090159e-03
-8.560552348218568265e-04
-1.875611537298988352e-05
4.085793653209467851e-04
2.606045993951490209e-04
-1.464258722401300800e-04
-4.031604891455571301e-04
-3.551070160453664382e-04
-1.423327510205818296e-04
7.773957700974122511e-06
-6.821586201934063323e-06
-1.179497232332922161e-04
-1.950280152280182587e-04
-1.715166825298837148e-04
-8.159171760312855645e-05
-4.179224104714344311e-06
1.278650436800232856e-05
-1.893837492787568639e-05
-5.503601359274684819e-05
-6.307305778145108925e-05
-4.375753646599202587e-05
-1.945545916283477066e-05
-9.352550975938318293e-06
-1.512219709324591248e-05
-2.510614184487231754e-05
-2.781876487054892668e-05
-1.607923571791218927e-05
-4.579365065756861580e-06
-8.310982418464856857e-06
-7.230709624194609465e-06
-3.356259435545965966e-06
-3.463869909181182883e-06
-1.392905103146550061e-06
-1.009094048653116836e-06
-4.210432171740106238e-07
-1.373214137307219086e-07
-4.564578226631264504e-08
-1.595740951312644482e-08
-6.982247481187697252e-09
-4.239759048677762912e-09
-2.804822674296709809e-09
-1.999597593134235544e-09
-1.498310988649510433e-09
-1.166560038732247405e-09
-9.317890060089715002e-10
-7.591967422071347811e-10
-6.278331105111321586e-10
-5.255759890017115795e-10
-4.444367780449341635e-10
-3.791165808637732170e-10
-3.258633830554466864e-10
-2.819989098740433078e-10
-2.455261361983369953e-10
-2.149546013293691850e-10
-1.891409318458620021e-10
-1.672013291207091612e-10
-1.484347037389972193e-10
-1.322982584636938903e-10
-1.183418186069481733e-10
-1.062214057665755829e-10
-9.564787704530643633e-11
-8.638356981937681159e-11
-7.824278619097351303e-11
-7.104850386987571894e-11
-6.468301933535634690e-11
-5.901980025476937432e-11
-5.397805975130005345e-11
-4.947185897704015960e-11
-4.543216666853312415e-11
-4.180497223547865676e-11
-3.853659799673292502e-11
-3.558549435087053828e-11
-3.291445083880612167e-11
-3.048911583729953478e-11
-2.828541250853615633e-11
-2.627770624343289455e-11
-2.445193933839895684e-11
-2.278238450466652113e-11
-2.125743507272803811e-11
-1.985324040709117479e-11
-1.856523244121783903e-11
-1.738383313759670142e-11
-1.629359406705594862e-11
-1.529185051573560058e-11
-1.435853514631451814e-11
-1.350219165395973822e-11
-1.270316522930705145e-11
-1.196803737494213660e-11
-1.128339106520168119e-11
3.221691471538994968e-04
4.677910427755420679e-04
3.021338544851192741e-04
1.224545199588131781e-04
2.541403822596104969e-04
6.308600737401663314e-04
9.035226585996685355e-04
8.298752894690232876e-04
5.022358348758501666e-04
2.188838034687304432e-04
1.840601734065811911e-04
3.454344891854253352e-04
4.914152012918279700e-04
4.703990796089738526e-04
3.108805570273875723e-04
1.575756781367777381e-04
1.202343067588701106e-04
1.865380861946179124e-04
2.598650716639444927e-04
2.604364387725451643e-04
1.884237298609008917e-04
1.045948995631874439e-04
6.520262708351814518e-05
7.704730896889321783e-05
1.049663771908281566e-04
1.117699222877895630e-04
8.903770208637475005e-05
5.593924796314037805e-05
3.581601178795946078e-05
3.585330932720786094e-05
4.556472174766403439e-05
5.005650100595861960e-05
4.314917212319689698e-05
2.981074829336038165e-05
1.901086708397004297e-05
1.547285550227557143e-05
1.720621752654772279e-05
1.905697769131565816e-05
1.766906161463218202e-05
1.352167706033370797e-05
8.273850838051399929e-06
7.420114012180736413e-06
6.773810738181447205e-06
3.911811491585963671e-06
2.901863068153848266e-06
2.196610439839538113e-06
1.160057607994810313e-06
6.469978959691210972e-07
2.917339312047114502e-07
9.584896509398649024e-08
3.323321030861218407e-08
1.203645092089422081e-08
5.474279392026337536e-09
3.364915678576045991e-09
2.251469363773566857e-09
1.608707909646024307e-09
1.209678810376434363e-09
9.428079474608005120e-10
7.545132228376754402e-10
6.156532045604115590e-10
5.099919610939329784e-10
4.276073686353666469e-10
3.621677960752968511e-10
3.094043484473911179e-10
2.663305719636288104e-10
2.307949273199455957e-10
2.012078606617421132e-10
1.763728518388547727e-10
1.553738671159283726e-10
1.375000786459992072e-10
1.221946228102614984e-10
1.090173182244468173e-10
9.761342999268428745e-11
8.769808862571026621e-11
7.903769142318028692e-11
7.144190601497325124e-11
6.475541553851403114e-11
5.884783019663480005e-11
5.361186327042295764e-11
4.895459033861173106e-11
4.479983090342857223e-11
4.108223604134070357e-11
3.774693622762734227e-11
3.474835803652689840e-11
3.204548471946462244e-11
2.960398379334873017e-11
2.739424389326130128e-11
2.539058603604169844e-11
2.356999782194940343e-11
2.191116320379959713e-11
2.039627845643513631e-11
1.900986998583736581e-11
1.774029171552425301e-11
1.657635812777842818e-11
1.550804315073579293e-11
1.452353692262372091e-11
1.361457311580093370e-11
1.277790936717524548e-11
1.200649466859069678e-11
1.129295702467680894e-11
1.063010818777077522e-11
1.001597913852544931e-11
9.446829582443505712e-12
1.980242730967956118e-06
2.011377408810258294e-06
2.082950479638670298e-06
2.206911915159851335e-06
2.257127052235356829e-06
2.146510115589910235e-06
1.929121793132457793e-06
1.729573104178771576e-06
1.616363350982080206e-06
1.557916380475844542e-06
1.481580246991656043e-06
1.353866780394535300e-06
1.202703833896253156e-06
1.076706039336505215e-06
9.954177333222071884e-07
9.383540453717335815e-07
8.729653684811018963e-07
7.865977366878749889e-07
6.929526632611085929e-07
6.137546114339261355e-07
5.579662991098515252e-07
5.172265648014867249e-07
4.772069267852992694e-07
4.309788191665498808e-07
3.824991941757028815e-07
3.399730887580262731e-07
3.074859914268620669e-07
2.824242539987199577e-07
2.592353797037521924e-07
2.346164464097380976e-07
2.094178063543243777e-07
1.866132349365385813e-07
1.681217473418464406e-07
1.534060167215356946e-07
1.404706672058550234e-07
1.277497008056323982e-07
1.150995718751003209e-07
1.033695554836183108e-07
9.332308518578672292e-08
8.496784691641343659e-08
7.430244837319272067e-08
6.131937834239294140e-08
5.055720545705427649e-08
4.235614237153954536e-08
3.547719033037235826e-08
2.740320663246270011e-08
1.973020842196537642e-08
1.446386388703031023e-08
9.532712044029173856e-09
5.734726296590725646e-09
3.686457893655824822e-09
2.425773638312015198e-09
1.733681665399531986e-09
1.372918209713938754e-09
1.104812858702124414e-09
9.013634937209159727e-10
7.441794327562540538e-10
6.208367377549728328e-10
5.227282311455581781e-10
4.437518637668749990e-10
3.794975381061610790e-10
3.267222571003560217e-10
2.830016383123839641e-10
2.464961339913985943e-10
2.157993532157683586e-10
1.898178823257940303e-10
1.676955212758352847e-10
1.487534885667176975e-10
1.324509348433593623e-10
1.183532034909796485e-10
1.061076243717986675e-10
9.542414499473631394e-11
8.606859707023501815e-11
7.784434630059733212e-11
7.059038803330692147e-11
6.417141247813501302e-11
5.847175820387785484e-11
5.339722145323079437e-11
4.886444941316674708e-11
4.480714194641019565e-11
4.116462133677799967e-11
3.788703053589415796e-11
3.493112163629261765e-11
3.225834868622222791e-11
2.983836100552559988e-11
2.764308212478764622e-11
2.564810189809906425e-11
2.383144899536540359e-11
2.217334557479380837e-11
2.065799211658548232e-11
1.927007962586593370e-11
1.799788694807667181e-11
1.682844926720311736e-11
1.575213308489694623e-11
1.475894258571243200e-11
1.384403829546540787e-11
1.300141298113881361e-11
1.222011210931624375e-11
1.149626091613547197e-11
1.082544090237364776e-11
1.020557563875900295e-11
9.628477036930605794e-12
9.090301065372360400e-12
2.036106300473453206e-07
1.574301379815175543e-07
1.185215369780638538e-07
9.057476112650272491e-08
7.178745254308128007e-08
5.857324956589148334e-08
4.878045043914912368e-08
4.121188638259371337e-08
3.520103415962475811e-08
3.035859632300513965e-08
2.642683288570657743e-08
2.321750176232247221e-08
2.058110888655194321e-08
1.839558749304967838e-08
1.656233671933349341e-08
1.500409563779008767e-08
1.366241432156302517e-08
1.249467709397477012e-08
1.147065086324793211e-08
1.056711403622049983e-08
9.767162619753856791e-09
9.057306937267762094e-09
8.425950859129574746e-09
7.862559750570665403e-09
7.358040177725758240e-09
6.904206464754957209e-09
6.493946394860240045e-09
6.121296566226466327e-09
5.781347481184379576e-09
5.470100160074621463e-09
5.184376831687713129e-09
4.921511994874244757e-09
4.679239948744172377e-09
4.455619463407357575e-09
4.248872437115185014e-09
4.057401264820804368e-09
3.879696637438140659e-09
3.714483160984971304e-09
3.560395096833827568e-09
3.416515892044839483e-09
3.218563492808424316e-09
2.980896997188744580e-09
2.770553047236332759e-09
2.583454370736016245e-09
2.416340865988546571e-09
2.198722550250781743e-09
1.952889542658746551e-09
1.749225086528688183e-09
1.505957511728973238e-09
1.255500872512492460e-09
1.067018010286183325e-09
9.093638935503951675e-10
7.980377358089546271e-10
7.268749557521033644e-10
6.654049209364149767e-10
6.119875381586912774e-10
5.651567709918199789e-10
5.238266451412173962e-10
4.871452110900395667e-10
4.543690527616650638e-10
4.250096758010076495e-10
3.985484385440534128e-10
3.745562674061202389e-10
3.528396738815056525e-10
3.329787975255303001e-10
3.148773006601947878e-10
2.982421265645980160e-10
2.829297326599595888e-10
2.688376137131246176e-10
2.558009933389718775e-10
2.437082585527635932e-10
2.324672515279209318e-10
2.220392478696497726e-10
2.122996373677267572e-10
2.032145672295430029e-10
1.947053995188818217e-10
1.867360295664876322e-10
1.792519816546113508e-10
1.722252969173261173e-10
1.656078543832412298e-10
1.593674847125225581e-10
1.534866802953996393e-10
1.479197189865062454e-10
1.426435360730978833e-10
1.376689967533982895e-10
1.329498408941253235e-10
1.284712667994893108e-10
1.242252643855286176e-10
1.201580413604128052e-10
1.163078357076518969e-10
1.126511677406759786e-10
1.091658686648528430e-10
1.058061940213762415e-10
1.026229509154033930e-10
9.960340109925420549e-11
9.668471883981589221e-11
9.389002806040838136e-11
9.124386114576808015e-11
8.868385667250554177e-11
8.622643585757622953e-11
8.390175085548782325e-11
8.162387782550304547e-11
7.947042115556815702e-11
