# ln_A_s_1e10 n_s H0 omega_b omega_cdm mnu N_eff tau_reio alpha_s
  6.8507518E-05   3.2388623E-06  -8.2475098E-04   1.1642525E-08  -1.9163785E-06   1.6905965E-04  -6.8084241E-06   3.6123033E-05  -2.7733957E-06
  3.2388623E-06   3.9366313E-06   2.6472538E-04   8.0369040E-09  -1.5102561E-07  -2.1939909E-06   1.5862712E-05   2.3985743E-06  -1.5268792E-06
 -8.2475098E-04   2.6472538E-04   9.9850616E-02   2.2807029E-06  -2.0591856E-05  -7.3373651E-03   2.3470540E-03  -3.5965570E-04   4.5599846E-05
  1.1642525E-08   8.0369040E-09   2.2807029E-06   6.8669655E-10   4.5154986E-09   2.1291297E-08   3.1125776E-07  -2.0833383E-09  -5.1247629E-09
 -1.9163785E-06  -1.5102561E-07  -2.0591856E-05   4.5154986E-09   1.5106236E-07  -2.3490932E-07   2.6117739E-06  -1.1757697E-06  -1.4848933E-08
  1.6905965E-04  -2.1939909E-06  -7.3373651E-03   2.1291297E-08  -2.3490932E-07   8.0466608E-04  -4.5001323E-05   8.2920432E-05  -1.0363698E-05
 -6.8084241E-06   1.5862712E-05   2.3470540E-03   3.1125776E-07   2.6117739E-06  -4.5001323E-05   2.3698342E-04  -6.4695861E-06  -3.9650056E-06
  3.6123033E-05   2.3985743E-06  -3.5965570E-04  -2.0833383E-09  -1.1757697E-06   8.2920432E-05  -6.4695861E-06   1.9573964E-05  -1.4514979E-06
 -2.7733957E-06  -1.5268792E-06   4.5599846E-05  -5.1247629E-09  -1.4848933E-08  -1.0363698E-05  -3.9650056E-06  -1.4514979E-06   1.5416950E-06
