# logA ns H0 ombh2 omch2 mnu nnu tau nrun
  6.5153764E-05   3.4594128E-06  -7.2971300E-04   1.2246152E-08  -1.9559787E-06   1.5689452E-04  -9.8794921E-06   3.4826900E-05  -2.7192303E-06
  3.4594128E-06   3.7273625E-06   2.3841914E-04   8.2776378E-09  -1.4779172E-07  -7.6278352E-07   1.4777922E-05   2.4809598E-06  -1.5049856E-06
 -7.2971300E-04   2.3841914E-04   9.3881118E-02   2.2469027E-06  -1.7111008E-05  -6.7950053E-03   2.3723441E-03  -3.2709344E-04   5.0832521E-05
  1.2246152E-08   8.2776378E-09   2.2469027E-06   6.8189182E-10   4.4321362E-09   2.2776736E-08   3.0821790E-07  -1.2442178E-09  -4.8104256E-09
 -1.9559787E-06  -1.4779172E-07  -1.7111008E-05   4.4321362E-09   1.5107820E-07  -5.4781483E-07   2.7273206E-06  -1.1985923E-06  -4.7272912E-09
  1.5689452E-04  -7.6278352E-07  -6.7950053E-03   2.2776736E-08  -5.4781483E-07   7.4565843E-04  -5.4227871E-05   7.8494682E-05  -1.0104915E-05
 -9.8794921E-06   1.4777922E-05   2.3723441E-03   3.0821790E-07   2.7273206E-06  -5.4227871E-05   2.3793307E-04  -8.2806155E-06  -2.9705029E-06
  3.4826900E-05   2.4809598E-06  -3.2709344E-04  -1.2442178E-09  -1.1985923E-06   7.8494682E-05  -8.2806155E-06   1.9121006E-05  -1.4395444E-06
 -2.7192303E-06  -1.5049856E-06   5.0832521E-05  -4.8104256E-09  -4.7272912E-09  -1.0104915E-05  -2.9705029E-06  -1.4395444E-06   1.6327828E-06
