# ombh2 omch2 theta_MC_100 tau logA ns nnu
6.992157954268526733e-10 3.761885331940852132e-09 -2.810985831206961011e-10 1.659917779397230828e-09 1.870703776867980749e-08 3.550153282089377080e-09 2.974856167645934849e-07
3.761885331940852132e-09 2.216704599761688869e-07 -1.477679833863873879e-08 -1.897965436572966181e-06 -3.142722103526588338e-06 -3.576254182475594694e-07 2.071736997443460136e-06
-2.810985831206961011e-10 -1.477679833863873879e-08 3.677886439497817685e-09 1.182056830304588627e-07 1.942418369540816202e-07 2.510765340718044480e-08 -2.131960441532639674e-07
1.659917779397230828e-09 -1.897965436572966181e-06 1.182056830304588627e-07 1.845479572253561561e-05 3.162642228003727078e-05 3.887235387174738200e-06 8.601026481241131994e-07
1.870703776867980749e-08 -3.142722103526588338e-06 1.942418369540816202e-07 3.162642228003727078e-05 5.545922658587094153e-05 6.243716994966841161e-06 9.919675789195459868e-06
3.550153282089377080e-09 -3.576254182475594694e-07 2.510765340718044480e-08 3.887235387174738200e-06 6.243716994966841161e-06 2.110283196843831554e-06 8.848959650346583286e-06
2.974856167645934849e-07 2.071736997443460136e-06 -2.131960441532639674e-07 8.601026481241131994e-07 9.919675789195459868e-06 8.848959650346583286e-06 2.087801332571288186e-04
