# ombh2 omch2 theta_MC_100 tau logA ns nnu
1.055495211241689801e-09 5.890207761076051983e-09 -5.247136076024437678e-10 1.561762353465289249e-09 2.687761052504764515e-08 3.614662724955937791e-09 4.475346002652658326e-07
5.890207761076051983e-09 2.691572163854558112e-07 -2.050275776692462130e-08 -2.218089020615917013e-06 -3.625661236794737410e-06 -4.022572277644480319e-07 3.305217181813808600e-06
-5.247136076024437678e-10 -2.050275776692462130e-08 8.490672309247480044e-09 1.422534833738216612e-07 2.257136394304476312e-07 2.728434652404045365e-08 -5.212839509693824112e-07
1.561762353465289249e-09 -2.218089020615917013e-06 1.422534833738216612e-07 2.138026916914990912e-05 3.644689438654817658e-05 4.275595286669271473e-06 -2.490206201908343990e-06
2.687761052504764515e-08 -3.625661236794737410e-06 2.257136394304476312e-07 3.644689438654817658e-05 6.375493525500386730e-05 6.863499716763100285e-06 8.210689619706245635e-06
3.614662724955937791e-09 -4.022572277644480319e-07 2.728434652404045365e-08 4.275595286669271473e-06 6.863499716763100285e-06 2.187861876026122953e-06 8.269443862892666898e-06
4.475346002652658326e-07 3.305217181813808600e-06 -5.212839509693824112e-07 -2.490206201908343990e-06 8.210689619706245635e-06 8.269443862892666898e-06 2.761662864290422123e-04
