# ombh2 omch2 theta_MC_100 tau logA ns
2.753359424869233824e-10 8.099188356868325801e-10 2.267915519789787852e-11 4.343789181735706804e-10 4.572738569726321203e-09 -9.058509133439890580e-09
8.099188356868325801e-10 2.011124973021533919e-07 -1.266124200916300827e-08 -1.906500283495030565e-06 -3.241155603948825533e-06 -4.454341422410881579e-07
2.267915519789787852e-11 -1.266124200916300827e-08 3.460181083468457428e-09 1.190839777191587179e-07 2.043713239150599677e-07 3.414377750047379393e-08
4.343789181735706804e-10 -1.906500283495030565e-06 1.190839777191587179e-07 1.845125239418454535e-05 3.158555661297539335e-05 3.850780703916955125e-06
4.572738569726321203e-09 -3.241155603948825533e-06 2.043713239150599677e-07 3.158555661297539335e-05 5.498791752869372257e-05 5.823280388122625186e-06
-9.058509133439890580e-09 -4.454341422410881579e-07 3.414377750047379393e-08 3.850780703916955125e-06 5.823280388122625186e-06 1.735227938128078203e-06
