# ombh2 omch2 theta_MC_100 tau logA ns
3.302538321276869716e-10 5.340179473965558839e-10 3.200404992016932820e-10 5.597205823265785512e-09 1.357197592217395238e-08 -9.786184646566435361e-09
5.340179473965558839e-10 2.295996702410095256e-07 -1.426391995067116244e-08 -2.188285700191714137e-06 -3.723928526247414057e-06 -5.012277005658060084e-07
3.200404992016932820e-10 -1.426391995067116244e-08 7.506710939262989180e-09 1.375530380571817052e-07 2.412119132439801427e-07 4.289352324473259778e-08
5.597205823265785512e-09 -2.188285700191714137e-06 1.375530380571817052e-07 2.135781484640035494e-05 3.652093061478340458e-05 4.350161305063408046e-06
1.357197592217395238e-08 -3.723928526247414057e-06 2.412119132439801427e-07 3.652093061478340458e-05 6.351082354642835200e-05 6.617641187962403468e-06
-9.786184646566435361e-09 -5.012277005658060084e-07 4.289352324473259778e-08 4.350161305063408046e-06 6.617641187962403468e-06 1.940244027063578940e-06
