# ombh2 omch2 H0 tau logA ns mnu
3.629540576017252280e-10 3.037409397267933252e-09 -3.222049744086454801e-06 2.279611204805107439e-08 5.650668118891244656e-08 -1.872525878049540577e-08 2.685283108952044988e-07
3.037409397267933252e-09 4.158894088093545630e-07 -3.390853222861095126e-04 -8.956566490740375965e-07 -5.009420839490252663e-07 -1.165910307271460233e-06 2.006180641878366484e-05
-3.222049744086454801e-06 -3.390853222861095126e-04 3.799074171779601716e-01 -9.489621921588088562e-04 -3.006474025933346048e-03 1.089472468806900168e-03 -2.740060957028557509e-02
2.279611204805107439e-08 -8.956566490740375965e-07 -9.489621921588088562e-04 3.029693477541395435e-05 5.881901558629481494e-05 -2.631228643241022310e-07 1.390521296297439740e-04
5.650668118891244656e-08 -5.009420839490252663e-07 -3.006474025933346048e-03 5.881901558629481494e-05 1.191282775340357804e-04 -4.883534818837998291e-06 3.467508828682882953e-04
-1.872525878049540577e-08 -1.165910307271460233e-06 1.089472468806900168e-03 -2.631228643241022310e-07 -4.883534818837998291e-06 4.310713657011645819e-06 -7.159215660607434230e-05
2.685283108952044988e-07 2.006180641878366484e-05 -2.740060957028557509e-02 1.390521296297439740e-04 3.467508828682882953e-04 -7.159215660607434230e-05 2.159770025324821326e-03
