# ombh2 omch2 theta_MC_100 tau logA ns mnu
2.799748382242428009e-10 1.612847234325723988e-09 -8.820370365349712613e-11 7.295385776682718082e-09 2.110509361204767332e-08 -1.191514086862926600e-08 9.633466453710948880e-08
1.612847234325723988e-09 3.400882471027654422e-07 -3.185352425379493585e-08 -7.189553241128274939e-07 -3.796346490649937330e-07 -9.398774051461679024e-07 1.667419194355365171e-05
-8.820370365349712613e-11 -3.185352425379493585e-08 6.110598140300856713e-09 -4.491368425677862647e-08 -1.907991852842170312e-07 1.024254357699602633e-07 -2.302673656670137037e-06
7.295385776682718082e-09 -7.189553241128274939e-07 -4.491368425677862647e-08 2.859879995249869523e-05 5.603719505359691004e-05 -3.742269352275176908e-07 1.424806314968431577e-04
2.110509361204767332e-08 -3.796346490649937330e-07 -1.907991852842170312e-07 5.603719505359691004e-05 1.139068453775234806e-04 -4.357342920864119750e-06 3.433228438823922053e-04
-1.191514086862926600e-08 -9.398774051461679024e-07 1.024254357699602633e-07 -3.742269352275176908e-07 -4.357342920864119750e-06 3.494341600640910731e-06 -5.932288102567911383e-05
9.633466453710948880e-08 1.667419194355365171e-05 -2.302673656670137037e-06 1.424806314968431577e-04 3.433228438823922053e-04 -5.932288102567911383e-05 2.000555329756133639e-03
