# ombh2 omch2 H0 tau logA ns
2.752403445941441521e-10 8.168218154236624685e-10 -5.187858479572578989e-08 3.689009947880268252e-10 4.459016878570159098e-09 -9.078114756380430832e-09
8.168218154236624685e-10 2.009423435561987325e-07 -7.378004291902567565e-05 -1.904747848866978543e-06 -3.237685138222627808e-06 -4.446780652568076352e-07
-5.187858479572578989e-08 -7.378004291902567565e-05 2.759865113974483211e-02 7.057755999232904727e-04 1.203454927054863066e-03 1.592045906724267441e-04
3.689009947880268252e-10 -1.904747848866978543e-06 7.057755999232904727e-04 1.843315141907447117e-05 3.155009421208350250e-05 3.843632250036091886e-06
4.459016878570159098e-09 -3.237685138222627808e-06 1.203454927054863066e-03 3.155009421208350250e-05 5.491952907608034441e-05 5.809918635998025887e-06
-9.078114756380430832e-09 -4.446780652568076352e-07 1.592045906724267441e-04 3.843632250036091886e-06 5.809918635998025887e-06 1.731753828913103100e-06
