# ombh2 omch2 H0 tau logA ns mnu
2.803354540844302840e-10 1.653153577611585927e-09 -1.288672078318502790e-06 7.498107878015129184e-09 2.166184342306379930e-08 -1.207401119231556958e-08 9.996729866698728661e-08
1.653153577611585927e-09 3.382212023869754588e-07 -2.767923008248619168e-04 -7.345311602916260052e-07 -4.139440064571969249e-07 -9.364365545247958654e-07 1.640903443090303252e-05
-1.288672078318502790e-06 -2.767923008248619168e-04 3.278195096976537770e-01 -1.024777335977953077e-03 -2.972381525722838161e-03 8.864323816152486647e-04 -2.426619188303887065e-02
7.498107878015129184e-09 -7.345311602916260052e-07 -1.024777335977953077e-03 2.840851914782523634e-05 5.562072697194545034e-05 -3.483022968512483980e-07 1.398767887349696847e-04
2.166184342306379930e-08 -4.139440064571969249e-07 -2.972381525722838161e-03 5.562072697194545034e-05 1.130021358746467525e-04 -4.305249022501885696e-06 3.375236788077681880e-04
-1.207401119231556958e-08 -9.364365545247958654e-07 8.864323816152486647e-04 -3.483022968512483980e-07 -4.305249022501885696e-06 3.493324502116563826e-06 -5.878022334112101809e-05
9.996729866698728661e-08 1.640903443090303252e-05 -2.426619188303887065e-02 1.398767887349696847e-04 3.375236788077681880e-04 -5.878022334112101809e-05 1.961382934326929423e-03
