# ombh2 omch2 theta_MC_100 tau logA ns mnu
3.622296683975411297e-10 2.989817991542769867e-09 -2.742809297812564190e-11 2.266878062415251806e-08 5.607101586850679528e-08 -1.849273865831516607e-08 2.654484129541773688e-07
2.989817991542769867e-09 4.182094005990043672e-07 -4.095011438866013746e-08 -8.771589544875439241e-07 -4.599280699161851402e-07 -1.169906247264892101e-06 2.038690149492652711e-05
-2.742809297812564190e-11 -4.095011438866013746e-08 1.128251281454501259e-08 -4.795692053454932251e-08 -2.206081140579551084e-07 1.375041548375649067e-07 -2.884521473251104976e-06
2.266878062415251806e-08 -8.771589544875439241e-07 -4.795692053454932251e-08 3.047215555426268329e-05 5.921073717016980679e-05 -2.981796113446959342e-07 1.417202164559559340e-04
5.607101586850679528e-08 -4.599280699161851402e-07 -2.206081140579551084e-07 5.921073717016980679e-05 1.199962390056890136e-04 -4.954227757621953142e-06 3.528071200585296990e-04
-1.849273865831516607e-08 -1.169906247264892101e-06 1.375041548375649067e-07 -2.981796113446959342e-07 -4.954227757621953142e-06 4.310911743765759736e-06 -7.227773263579687752e-05
2.654484129541773688e-07 2.038690149492652711e-05 -2.884521473251104976e-06 1.417202164559559340e-04 3.528071200585296990e-04 -7.227773263579687752e-05 2.203628369411005268e-03
