# ombh2 omch2 H0 tau logA ns nnu
1.058778515473670337e-09 5.929511690603822833e-09 3.828873565486110112e-06 1.601200073120076792e-09 2.709206138237223029e-08 3.652343190868522859e-09 4.519753787775318991e-07
5.929511690603822833e-09 2.693256686608498106e-07 -5.764675779249502411e-05 -2.216147169781286412e-06 -3.620684137495777137e-06 -4.013551169014722910e-07 3.338582495929706142e-06
3.828873565486110112e-06 -5.764675779249502411e-05 5.049212842485879121e-02 7.956455970188438566e-04 1.461143524519887844e-03 2.485427115015906969e-04 2.258698003951301915e-03
1.601200073120076792e-09 -2.216147169781286412e-06 7.956455970188438566e-04 2.136528921790513134e-05 3.642083243362561826e-05 4.273992023387130947e-06 -2.421177974839171358e-06
2.709206138237223029e-08 -3.620684137495777137e-06 1.461143524519887844e-03 3.642083243362561826e-05 6.371475123269606578e-05 6.863721802794054556e-06 8.489952081615343340e-06
3.652343190868522859e-09 -4.013551169014722910e-07 2.485427115015906969e-04 4.273992023387130947e-06 6.863721802794054556e-06 2.186628598516398013e-06 8.352872000712193104e-06
4.519753787775318991e-07 3.338582495929706142e-06 2.258698003951301915e-03 -2.421177974839171358e-06 8.489952081615343340e-06 8.352872000712193104e-06 2.801407507205522490e-04
